     -116.212
     -116.212
     -116.212
     -116.239
     -116.212
     -116.239
     -116.239
     -116.239
     -116.239
     -116.265
     -116.239
     -116.265
     -116.265
     -116.265
     -116.265
     -116.292
     -116.292
     -116.292
     -116.292
     -116.292
     -116.319
     -116.319
     -116.319
     -116.319
     -116.319
     -116.319
     -116.346
     -116.346
     -116.346
     -116.346
     -116.346
     -116.372
     -116.372
     -116.372
     -116.372
     -116.372
     -116.372
     -116.399
     -116.399
     -116.399
     -116.399
     -116.399
     -116.425
     -116.425
     -116.425
     -116.425
     -116.425
     -116.452
     -116.452
     -116.452
     -116.452
     -116.452
     -116.452
     -116.478
     -116.478
     -116.478
     -116.478
     -116.478
     -116.505
     -116.505
     -116.505
     -116.505
     -116.505
     -116.531
     -116.531
     -116.531
     -116.531
     -116.531
     -116.531
     -116.558
     -116.558
     -116.558
     -116.558
     -116.558
     -116.584
     -116.584
     -116.584
     -116.584
     -116.584
     -116.611
     -116.611
     -116.611
     -116.610
     -116.610
     -116.610
     -116.637
     -116.637
