ENVI ASCII Plot File [Thu Aug 14 16:07:52 2014]
Column 1: Band Number
Column 2: TYPE:LON;Bias=-0.68305874; SCA:C; Detector=400; Lat=29.713969; Lon=-116.47988~~1
Column 3: TYPE:LAT;Bias=-0.68305874; SCA:C; Detector=400; Lat=29.713969; Lon=-116.47988~~2
    1.000000  -115.107666    30.865339
    2.000000  -115.054497    30.795162
    3.000000  -115.000504    30.794643
    4.000000  -115.028343    30.725206
    5.000000  -114.947678    30.701147
    6.000000  -114.948257    30.654665
    7.000000  -114.894302    30.654079
    8.000000  -117.589439    31.118834
    9.000000  -114.922157    30.584639
   10.000000  -114.841545    30.560463
   11.000000  -117.670090    31.071514
   12.000000  -117.615852    31.072077
   13.000000  -114.841843    30.537207
   14.000000  -114.788200    30.513292
   15.000000  -117.750725    31.024128
   16.000000  -117.669006    31.001781
   17.000000  -114.816071    30.443834
   18.000000  -114.735497    30.419533
   19.000000  -117.777084    30.977316
   20.000000  -114.762764    30.396610
   21.000000  -117.830559    30.930164
   22.000000  -114.763657    30.326775
   23.000000  -114.710075    30.302763
   24.000000  -117.938286    30.882265
   25.000000  -117.856903    30.883316
   26.000000  -114.737602    30.256550
   27.000000  -114.656784    30.255417
   28.000000  -117.937073    30.812475
   29.000000  -114.684624    30.185896
   30.000000  -118.018051    30.788084
   31.000000  -117.963791    30.788841
   32.000000  -114.685211    30.139275
   33.000000  -114.631660    30.115158
   34.000000  -118.016815    30.718267
   35.000000  -114.659439    30.045586
   36.000000  -118.124924    30.693369
   37.000000  -118.043121    30.671320
   38.000000  -114.660004    29.998913
   39.000000  -118.123657    30.623512
   40.000000  -114.687698    29.929285
   41.000000  -114.607048    29.928026
   42.000000  -118.149948    30.576502
   43.000000  -114.607597    29.881302
   44.000000  -118.257637    30.528097
   45.000000  -118.175819    30.506170
   46.000000  -114.635277    29.811615
   47.000000  -118.256775    30.481482
   48.000000  -114.635788    29.764843
   49.000000  -118.282631    30.411060
   50.000000  -114.663383    29.695086
   51.000000  -114.583092    29.670328
   52.000000  -118.281792    30.364416
   53.000000  -114.610435    29.623941
   54.000000  -118.307663    30.293930
   55.000000  -114.611153    29.553631
   56.000000  -118.306854    30.247253
   57.000000  -114.638206    29.530643
   58.000000  -118.332748    30.176693
   59.000000  -114.638878    29.460260
   60.000000  -118.331955    30.129978
   61.000000  -114.666100    29.413769
   62.000000  -118.357880    30.059334
   63.000000  -114.693497    29.343752
   64.000000  -118.357117    30.012575
   65.000000  -114.693893    29.296730
   66.000000  -118.383430    29.965239
   67.000000  -114.694275    29.249678
   68.000000  -118.409386    29.894453
   69.000000  -114.721573    29.179510
   70.000000  -118.408653    29.847620
   71.000000  -114.748657    29.132849
   72.000000  -118.434639    29.776731
   73.000000  -114.829132    29.087049
   74.000000  -114.749153    29.062096
   75.000000  -118.433937    29.729839
   76.000000  -114.856133    29.040306
   77.000000  -118.460289    29.682306
   78.000000  -118.378876    29.660677
   79.000000  -114.856567    28.969471
   80.000000  -118.378227    29.613739
   81.000000  -114.963387    28.947546
   82.000000  -114.883522    28.922644
   83.000000  -118.404282    29.542664
   84.000000  -114.963760    28.876621
   85.000000  -118.403664    29.495655
   86.000000  -118.322441    29.474003
   87.000000  -114.990639    28.829702
   88.000000  -118.348541    29.402822
   89.000000  -115.044228    28.759443
   90.000000  -114.990974    28.758633
   91.000000  -118.375221    29.378654
   92.000000  -118.321037    29.356369
   93.000000  -115.071045    28.712414
   94.000000  -118.320236    29.285700
   95.000000  -115.151039    28.666092
   96.000000  -115.071327    28.641203
   97.000000  -118.346649    29.237909
   98.000000  -118.265892    29.239805
   99.000000  -115.230949    28.619663
  100.000000  -115.177795    28.618959
  101.000000  -118.265160    29.169035
  102.000000  -115.231102    28.572130
  103.000000  -118.237587    29.098820
  104.000000  -115.337471    28.525871
  105.000000  -115.257805    28.524897
  106.000000  -118.183205    29.029160
  107.000000  -115.390678    28.478867
  108.000000  -115.337654    28.454433
  109.000000  -118.182800    28.981848
  110.000000  -118.128929    28.959414
  111.000000  -115.496895    28.432327
  112.000000  -115.417320    28.431505
  113.000000  -118.155190    28.887741
  114.000000  -118.074745    28.889578
  115.000000  -115.550011    28.385138
  116.000000  -115.496986    28.384632
  117.000000  -118.074394    28.842173
  118.000000  -118.020653    28.819651
  119.000000  -115.656067    28.362177
  120.000000  -115.576599    28.337639
  121.000000  -118.046951    28.747852
  122.000000  -117.966652    28.749626
  123.000000  -115.709145    28.290920
  124.000000  -115.656166    28.290522
  125.000000  -117.993111    28.701530
  126.000000  -117.939476    28.678930
  127.000000  -117.859283    28.680616
  128.000000  -115.815102    28.267698
  129.000000  -115.735680    28.243277
  130.000000  -117.858902    28.609270
  131.000000  -117.805374    28.586563
  132.000000  -115.947495    28.220493
  133.000000  -115.868103    28.196190
  134.000000  -117.831841    28.538380
  135.000000  -117.751778    28.539997
  136.000000  -117.698334    28.517204
  137.000000  -116.106285    28.197012
  138.000000  -116.026901    28.196825
  139.000000  -115.973984    28.172697
  140.000000  -117.724701    28.445137
  141.000000  -117.644745    28.446667
  142.000000  -117.591377    28.423775
  143.000000  -116.238586    28.173176
  144.000000  -116.159218    28.149166
  145.000000  -116.106308    28.125109
  146.000000  -117.591217    28.376009
  147.000000  -117.511292    28.353518
  148.000000  -117.458084    28.354410
  149.000000  -117.404839    28.331364
  150.000000  -117.351685    28.332184
  151.000000  -116.370872    28.149082
  152.000000  -116.317955    28.125179
  153.000000  -116.265038    28.125221
  154.000000  -117.351501    28.260414
  155.000000  -117.271767    28.237640
