       30.808979      -116.19207     -0.34396744       0
       30.789228      -116.19730     -0.27816868       1
       30.766044      -116.20344     -0.31581497       2
       30.732554      -116.21231     -0.35845089       3
       30.744575      -116.20913     -0.36782265       4
       30.719671      -116.21572     -0.33526230       5
       30.696487      -116.22185     -0.39162636       6
       30.673302      -116.22798     -0.44821167       7
       30.650116      -116.23411     -0.45342541       8
       30.624357      -116.24092     -0.37650204       9
       30.635519      -116.23797     -0.38063908      10
       30.603748      -116.24636     -0.38881397      11
       30.580566      -116.25248     -0.46828270      12
       30.557381      -116.25861     -0.50388718      13
       30.538485      -116.26360     -0.45209503      14
       30.526465      -116.26678     -0.34741211      15
       30.511006      -116.27086     -0.45114231      16
       30.487819      -116.27698     -0.53348827      17
       30.463778      -116.28331     -0.53723145      18
       30.440591      -116.28942     -0.54180431      19
       30.429426      -116.29236     -0.53928566      20
       30.417404      -116.29552     -0.59104633      21
       30.394216      -116.30163     -0.58539391      22
       30.371031      -116.30773     -0.58111095      23
       30.347845      -116.31384     -0.58351994      24
       30.332389      -116.31791     -0.66331387      25
       30.320367      -116.32108     -0.63456345      26
       30.301475      -116.32605     -0.65359688      27
       30.278288      -116.33215     -0.69508266      28
       30.255099      -116.33824     -0.61646557      29
       30.235346      -116.34343     -0.61113453      30
       30.223322      -116.34659     -0.62961388      31
       30.208720      -116.35042     -0.67693615      32
       30.185534      -116.35652     -0.73919010      33
       30.162345      -116.36261     -0.71414661      34
       30.139156      -116.36869     -0.75949669      35
       30.126272      -116.37207     -0.76342773      36
       30.114246      -116.37522     -0.80889750      37
       30.091915      -116.38108     -0.80207586      38
       30.068723      -116.38716     -0.74711180      39
       30.045534      -116.39324     -0.75711298      40
       30.029215      -116.39751     -0.77148247      41
       30.017188      -116.40066     -0.80796194      42
       29.999149      -116.40539     -0.79600954      43
       29.975959      -116.41145     -0.76510572      44
       29.952764      -116.41752     -0.76248455      45
       29.932148      -116.42292     -0.76762438      46
       29.920122      -116.42606     -0.75452948      47
       29.905518      -116.42988     -0.75138378      48
       29.882327      -116.43594     -0.72717524      49
       29.859132      -116.44200     -0.68829727      50
       29.835938      -116.44806     -0.74845362      51
       29.823053      -116.45142     -0.70459414      52
       29.811029      -116.45455     -0.74329233      53
       29.789552      -116.46016     -0.71592045      54
       29.765504      -116.46643     -0.69542170      55
       29.742312      -116.47248     -0.72694731      56
       29.725133      -116.47696     -0.71352625      57
       29.713969      -116.47988     -0.73354912      58
       29.695933      -116.48458     -0.73669863      59
       29.672738      -116.49063     -0.72199249      60
       29.648690      -116.49690     -0.75619078      61
       29.627216      -116.50250     -0.77657175      62
       29.616047      -116.50541     -0.80019951      63
       29.602306      -116.50898     -0.79740763      64
       29.579114      -116.51502     -0.75581264      65
       29.555058      -116.52127     -0.73838329      66
       29.531866      -116.52730     -0.72333622      67
       29.518121      -116.53088     -0.73996735      68
       29.506952      -116.53378     -0.74577999      69
       29.485473      -116.53936     -0.74236012      70
       29.461422      -116.54561     -0.71592999      71
       29.438225      -116.55164     -0.69952011      72
       29.421042      -116.55610     -0.72862244      73
       29.409017      -116.55922     -0.76161337      74
       29.391838      -116.56368     -0.73362064      75
       29.367783      -116.56992     -0.71727657      76
       29.344582      -116.57593     -0.72063255      77
       29.323103      -116.58150     -0.72968197      78
       29.311073      -116.58461     -0.78349924      79
       29.297323      -116.58818     -0.75711727      80
       29.274124      -116.59419     -0.73704052      81
       29.250923      -116.60019     -0.73016071      82
       29.226867      -116.60642     -0.81035805      83
       29.213118      -116.60998     -0.73679447      84
       29.201948      -116.61287     -0.73045063      85
       29.189918      -116.61598     -0.73598003      86
