       30.838173      -116.18433
       30.837314      -116.18456
       30.836455      -116.18478
       30.835595      -116.18501
       30.834736      -116.18524
       30.833878      -116.18547
       30.833020      -116.18570
       30.832162      -116.18592
       30.831303      -116.18615
       30.830444      -116.18638
       30.829585      -116.18661
       30.828727      -116.18683
       30.827868      -116.18706
       30.827010      -116.18729
       30.826152      -116.18752
       30.825294      -116.18774
       30.824435      -116.18797
       30.823576      -116.18820
       30.822717      -116.18843
       30.821858      -116.18866
       30.820999      -116.18888
       30.820140      -116.18911
       30.819282      -116.18934
       30.818423      -116.18956
       30.817565      -116.18979
       30.816706      -116.19002
       30.815848      -116.19025
       30.814989      -116.19047
       30.814131      -116.19070
       30.813273      -116.19093
       30.812414      -116.19116
       30.811555      -116.19138
       30.810696      -116.19161
       30.809838      -116.19184
       30.808979      -116.19207
       30.808121      -116.19229
       30.807261      -116.19252
       30.806403      -116.19275
       30.805544      -116.19298
       30.804686      -116.19321
       30.803827      -116.19343
       30.802969      -116.19366
       30.802110      -116.19389
       30.801251      -116.19412
       30.800392      -116.19434
       30.799533      -116.19457
       30.798675      -116.19480
       30.797816      -116.19503
       30.796957      -116.19525
       30.796099      -116.19548
       30.795241      -116.19571
       30.794382      -116.19594
       30.793523      -116.19617
       30.792664      -116.19639
       30.791805      -116.19662
       30.790946      -116.19685
       30.790087      -116.19708
       30.789228      -116.19730
       30.788370      -116.19753
       30.787512      -116.19776
       30.786652      -116.19798
       30.785794      -116.19821
       30.784935      -116.19844
       30.784077      -116.19867
       30.783218      -116.19889
       30.782359      -116.19912
       30.781500      -116.19935
       30.780642      -116.19958
       30.779783      -116.19980
       30.778925      -116.20003
       30.778066      -116.20026
       30.777207      -116.20049
       30.776348      -116.20071
       30.775489      -116.20094
       30.774631      -116.20117
       30.773772      -116.20140
       30.772913      -116.20162
       30.772054      -116.20185
       30.771195      -116.20208
       30.770336      -116.20231
       30.769478      -116.20253
       30.768620      -116.20276
       30.767761      -116.20299
       30.766902      -116.20322
       30.766044      -116.20344
       30.765185      -116.20367
       30.764326      -116.20390
       30.763467      -116.20413
       30.762608      -116.20435
       30.761750      -116.20458
       30.760892      -116.20481
       30.760033      -116.20503
       30.759174      -116.20526
       30.758315      -116.20549
       30.757456      -116.20572
       30.756597      -116.20594
       30.755739      -116.20617
       30.754880      -116.20640
       30.754022      -116.20663
       30.753163      -116.20685
       30.752304      -116.20708
       30.751445      -116.20731
       30.750587      -116.20753
       30.749728      -116.20776
       30.748869      -116.20799
       30.748011      -116.20822
       30.747151      -116.20844
       30.746292      -116.20867
       30.745433      -116.20890
       30.744575      -116.20913
       30.743717      -116.20935
       30.742858      -116.20958
       30.741999      -116.20981
       30.741141      -116.21003
       30.740282      -116.21026
       30.739423      -116.21049
       30.738565      -116.21072
       30.737706      -116.21094
       30.736846      -116.21117
       30.735988      -116.21140
       30.735130      -116.21163
       30.734271      -116.21185
       30.733412      -116.21208
       30.732554      -116.21231
       30.731696      -116.21254
       30.730837      -116.21276
       30.729977      -116.21299
       30.729119      -116.21322
       30.728260      -116.21345
       30.727401      -116.21367
       30.726542      -116.21390
       30.725683      -116.21413
       30.724824      -116.21435
       30.723966      -116.21458
       30.723107      -116.21481
       30.722249      -116.21503
       30.721390      -116.21526
       30.720531      -116.21549
       30.719671      -116.21572
       30.718812      -116.21594
       30.717955      -116.21617
       30.717095      -116.21640
       30.716236      -116.21663
       30.715377      -116.21685
       30.714519      -116.21708
       30.713661      -116.21731
       30.712802      -116.21753
       30.711943      -116.21776
       30.711084      -116.21799
       30.710225      -116.21822
       30.709367      -116.21844
       30.708509      -116.21867
       30.707650      -116.21890
       30.706791      -116.21912
       30.705932      -116.21935
       30.705073      -116.21958
       30.704214      -116.21980
       30.703356      -116.22003
       30.702498      -116.22026
       30.701639      -116.22049
       30.700780      -116.22071
       30.699921      -116.22094
       30.699062      -116.22117
       30.698203      -116.22140
       30.697345      -116.22162
       30.696487      -116.22185
       30.695628      -116.22208
       30.694770      -116.22230
       30.693911      -116.22253
       30.693053      -116.22276
       30.692194      -116.22299
       30.691335      -116.22321
       30.690476      -116.22344
       30.689617      -116.22366
       30.688759      -116.22389
       30.687900      -116.22412
       30.687042      -116.22435
       30.686183      -116.22457
       30.685324      -116.22480
       30.684466      -116.22503
       30.683607      -116.22525
       30.682748      -116.22548
       30.681889      -116.22571
       30.681031      -116.22594
       30.680172      -116.22616
       30.679313      -116.22639
       30.678454      -116.22662
       30.677595      -116.22685
       30.676736      -116.22707
       30.675877      -116.22730
       30.675019      -116.22753
       30.674160      -116.22775
       30.673302      -116.22798
       30.672444      -116.22821
       30.671585      -116.22844
       30.670726      -116.22866
       30.669868      -116.22889
       30.669009      -116.22912
       30.668149      -116.22934
       30.667290      -116.22957
       30.666432      -116.22980
       30.665573      -116.23002
       30.664714      -116.23025
       30.663856      -116.23048
       30.662996      -116.23071
       30.662137      -116.23093
       30.661279      -116.23116
       30.660420      -116.23139
       30.659561      -116.23161
       30.658702      -116.23184
       30.657844      -116.23207
       30.656986      -116.23230
       30.656127      -116.23252
       30.655268      -116.23275
       30.654409      -116.23297
       30.653550      -116.23320
       30.652692      -116.23343
       30.651833      -116.23366
       30.650975      -116.23388
       30.650116      -116.23411
       30.649257      -116.23434
       30.648398      -116.23456
       30.647539      -116.23479
       30.646680      -116.23502
       30.645822      -116.23525
       30.644964      -116.23547
       30.644105      -116.23570
       30.643247      -116.23593
       30.642389      -116.23615
       30.641530      -116.23638
       30.640671      -116.23661
       30.639812      -116.23683
       30.638954      -116.23706
       30.638095      -116.23729
       30.637237      -116.23751
       30.636378      -116.23774
       30.635519      -116.23797
       30.634661      -116.23819
       30.633802      -116.23842
       30.632943      -116.23865
       30.632085      -116.23887
       30.631226      -116.23910
       30.630368      -116.23933
       30.629509      -116.23955
       30.628650      -116.23978
       30.627792      -116.24001
       30.626934      -116.24024
       30.626075      -116.24046
       30.625216      -116.24069
       30.624357      -116.24092
       30.623499      -116.24114
       30.622641      -116.24137
       30.621783      -116.24160
       30.620924      -116.24182
       30.620065      -116.24205
       30.619205      -116.24228
       30.618345      -116.24250
       30.617487      -116.24273
       30.616628      -116.24296
       30.615770      -116.24318
       30.614912      -116.24341
       30.614053      -116.24364
       30.613195      -116.24386
       30.612336      -116.24409
       30.611477      -116.24432
       30.610617      -116.24454
       30.609758      -116.24477
       30.608899      -116.24500
       30.608041      -116.24522
       30.607182      -116.24545
       30.606325      -116.24568
       30.605466      -116.24590
       30.604607      -116.24613
       30.603748      -116.24636
       30.602890      -116.24658
       30.602031      -116.24681
       30.601172      -116.24704
       30.600314      -116.24726
       30.599455      -116.24749
       30.598596      -116.24772
       30.597737      -116.24794
       30.596879      -116.24817
       30.596020      -116.24840
       30.595162      -116.24862
       30.594303      -116.24885
       30.593444      -116.24908
       30.592585      -116.24931
       30.591727      -116.24953
       30.590869      -116.24976
       30.590011      -116.24999
       30.589152      -116.25021
       30.588292      -116.25044
       30.587434      -116.25067
       30.586576      -116.25089
       30.585718      -116.25112
       30.584859      -116.25135
       30.584001      -116.25157
       30.583142      -116.25180
       30.582284      -116.25203
       30.581425      -116.25225
       30.580566      -116.25248
       30.579708      -116.25271
       30.578850      -116.25293
       30.577992      -116.25316
       30.577134      -116.25339
       30.576276      -116.25361
       30.575417      -116.25384
       30.574558      -116.25407
       30.573699      -116.25429
       30.572841      -116.25452
       30.571983      -116.25475
       30.571124      -116.25497
       30.570265      -116.25520
       30.569406      -116.25543
       30.568547      -116.25565
       30.567688      -116.25588
       30.566829      -116.25611
       30.565970      -116.25634
       30.565111      -116.25656
       30.564252      -116.25679
       30.563393      -116.25702
       30.562535      -116.25724
       30.561675      -116.25747
       30.560817      -116.25770
       30.559958      -116.25793
       30.559099      -116.25815
       30.558240      -116.25838
       30.557381      -116.25861
       30.556522      -116.25883
       30.555663      -116.25906
       30.554805      -116.25929
       30.553946      -116.25951
       30.553086      -116.25974
       30.552227      -116.25997
       30.551368      -116.26019
       30.550509      -116.26042
       30.549652      -116.26065
       30.548792      -116.26088
       30.547933      -116.26110
       30.547074      -116.26133
       30.546215      -116.26156
       30.545356      -116.26178
       30.544498      -116.26201
       30.543639      -116.26224
       30.542780      -116.26246
       30.541921      -116.26269
       30.541062      -116.26292
       30.540203      -116.26315
       30.539344      -116.26337
       30.538485      -116.26360
       30.537627      -116.26383
       30.536768      -116.26405
       30.535909      -116.26428
       30.535051      -116.26451
       30.534192      -116.26473
       30.533334      -116.26496
       30.532475      -116.26519
       30.531616      -116.26541
       30.530757      -116.26564
       30.529899      -116.26587
       30.529040      -116.26610
       30.528182      -116.26632
       30.527324      -116.26655
       30.526465      -116.26678
       30.525606      -116.26700
       30.524747      -116.26723
       30.523888      -116.26746
       30.523029      -116.26768
       30.522170      -116.26791
       30.521312      -116.26814
       30.520453      -116.26837
       30.519594      -116.26859
       30.518735      -116.26882
       30.517876      -116.26904
       30.517017      -116.26927
       30.516159      -116.26950
       30.515300      -116.26972
       30.514441      -116.26995
       30.513583      -116.27018
       30.512723      -116.27040
       30.511864      -116.27063
       30.511006      -116.27086
       30.510147      -116.27109
       30.509288      -116.27131
       30.508429      -116.27154
       30.507570      -116.27177
       30.506712      -116.27199
       30.505853      -116.27222
       30.504995      -116.27245
       30.504136      -116.27267
       30.503277      -116.27290
       30.502418      -116.27313
       30.501559      -116.27335
       30.500700      -116.27358
       30.499841      -116.27380
       30.498983      -116.27403
       30.498124      -116.27426
       30.497264      -116.27449
       30.496406      -116.27471
       30.495547      -116.27494
       30.494689      -116.27516
       30.493830      -116.27539
       30.492971      -116.27562
       30.492112      -116.27584
       30.491254      -116.27607
       30.490396      -116.27630
       30.489537      -116.27652
       30.488678      -116.27675
       30.487819      -116.27698
       30.486960      -116.27720
       30.486102      -116.27743
       30.485244      -116.27765
       30.484385      -116.27788
       30.483526      -116.27811
       30.482667      -116.27833
       30.481808      -116.27856
       30.480950      -116.27879
       30.480091      -116.27901
       30.479233      -116.27924
       30.478375      -116.27947
       30.477516      -116.27969
       30.476658      -116.27992
       30.475799      -116.28015
       30.474941      -116.28037
       30.474082      -116.28060
       30.473223      -116.28082
       30.472365      -116.28105
       30.471506      -116.28128
       30.470647      -116.28150
       30.469788      -116.28173
       30.468930      -116.28196
       30.468071      -116.28218
       30.467213      -116.28241
       30.466355      -116.28263
       30.465496      -116.28286
       30.464637      -116.28309
       30.463778      -116.28331
       30.462920      -116.28354
       30.462062      -116.28376
       30.461202      -116.28399
       30.460343      -116.28422
       30.459485      -116.28444
       30.458626      -116.28467
       30.457767      -116.28490
       30.456909      -116.28512
       30.456050      -116.28535
       30.455191      -116.28557
       30.454332      -116.28580
       30.453473      -116.28603
       30.452615      -116.28625
       30.451756      -116.28648
       30.450897      -116.28671
       30.450039      -116.28693
       30.449180      -116.28716
       30.448321      -116.28738
       30.447461      -116.28761
       30.446602      -116.28784
       30.445744      -116.28806
       30.444885      -116.28829
       30.444026      -116.28851
       30.443167      -116.28874
       30.442309      -116.28897
       30.441450      -116.28919
       30.440591      -116.28942
       30.439732      -116.28965
       30.438874      -116.28987
       30.438014      -116.29010
       30.437155      -116.29032
       30.436296      -116.29055
       30.435438      -116.29078
       30.434579      -116.29100
       30.433721      -116.29123
       30.432862      -116.29145
       30.432003      -116.29168
       30.431143      -116.29191
       30.430284      -116.29213
       30.429426      -116.29236
       30.428567      -116.29258
       30.427709      -116.29281
       30.426850      -116.29304
       30.425990      -116.29326
       30.425131      -116.29349
       30.424273      -116.29372
       30.423414      -116.29394
       30.422555      -116.29417
       30.421697      -116.29439
       30.420838      -116.29462
       30.419979      -116.29484
       30.419121      -116.29507
       30.418263      -116.29530
       30.417404      -116.29552
       30.416544      -116.29575
       30.415685      -116.29598
       30.414827      -116.29620
       30.413968      -116.29643
       30.413110      -116.29665
       30.412252      -116.29688
       30.411393      -116.29711
       30.410533      -116.29733
       30.409674      -116.29756
       30.408816      -116.29778
       30.407957      -116.29801
       30.407098      -116.29824
       30.406240      -116.29846
       30.405381      -116.29869
       30.404522      -116.29891
       30.403664      -116.29914
       30.402805      -116.29937
       30.401946      -116.29959
       30.401087      -116.29982
       30.400228      -116.30004
       30.399370      -116.30027
       30.398511      -116.30050
       30.397652      -116.30072
       30.396793      -116.30095
       30.395934      -116.30117
       30.395075      -116.30140
       30.394216      -116.30163
       30.393356      -116.30185
       30.392499      -116.30208
       30.391640      -116.30230
       30.390782      -116.30253
       30.389923      -116.30276
       30.389065      -116.30298
       30.388206      -116.30321
       30.387348      -116.30343
       30.386488      -116.30366
       30.385629      -116.30389
       30.384771      -116.30411
       30.383913      -116.30434
       30.383053      -116.30457
       30.382194      -116.30479
       30.381336      -116.30502
       30.380477      -116.30524
       30.379618      -116.30547
       30.378759      -116.30570
       30.377901      -116.30592
       30.377042      -116.30615
       30.376183      -116.30638
       30.375324      -116.30660
       30.374465      -116.30683
       30.373606      -116.30706
       30.372748      -116.30728
       30.371889      -116.30751
       30.371031      -116.30773
       30.370172      -116.30796
       30.369314      -116.30819
       30.368454      -116.30841
       30.367596      -116.30864
       30.366737      -116.30887
       30.365878      -116.30909
       30.365018      -116.30932
       30.364159      -116.30954
       30.363301      -116.30977
       30.362443      -116.31000
       30.361584      -116.31022
       30.360725      -116.31045
       30.359867      -116.31067
       30.359008      -116.31090
       30.358149      -116.31113
       30.357290      -116.31135
       30.356431      -116.31158
       30.355572      -116.31181
       30.354714      -116.31203
       30.353855      -116.31226
       30.352996      -116.31248
       30.352137      -116.31271
       30.351279      -116.31294
       30.350421      -116.31316
       30.349563      -116.31339
       30.348704      -116.31362
       30.347845      -116.31384
       30.346986      -116.31407
       30.346128      -116.31429
       30.345269      -116.31452
       30.344410      -116.31475
       30.343551      -116.31497
       30.342692      -116.31520
       30.341834      -116.31542
       30.340975      -116.31565
       30.340116      -116.31588
       30.339257      -116.31610
       30.338400      -116.31633
       30.337542      -116.31656
       30.336683      -116.31678
       30.335824      -116.31701
       30.334965      -116.31724
       30.334106      -116.31746
       30.333248      -116.31769
       30.332389      -116.31791
       30.331530      -116.31814
       30.330671      -116.31837
       30.329812      -116.31859
       30.328953      -116.31882
       30.328095      -116.31904
       30.327237      -116.31927
       30.326378      -116.31950
       30.325519      -116.31972
       30.324659      -116.31995
       30.323801      -116.32017
       30.322943      -116.32040
       30.322084      -116.32063
       30.321225      -116.32085
       30.320367      -116.32108
       30.319508      -116.32130
       30.318650      -116.32153
       30.317791      -116.32175
       30.316932      -116.32198
       30.316073      -116.32221
       30.315215      -116.32243
       30.314355      -116.32266
       30.313497      -116.32289
       30.312638      -116.32311
       30.311778      -116.32334
       30.310920      -116.32356
       30.310062      -116.32379
       30.309203      -116.32402
       30.308344      -116.32424
       30.307485      -116.32447
       30.306626      -116.32469
       30.305768      -116.32492
       30.304909      -116.32515
       30.304051      -116.32537
       30.303192      -116.32560
       30.302333      -116.32582
       30.301475      -116.32605
       30.300616      -116.32627
       30.299756      -116.32650
       30.298897      -116.32673
       30.298039      -116.32695
       30.297180      -116.32718
       30.296322      -116.32740
       30.295462      -116.32763
       30.294603      -116.32785
       30.293745      -116.32808
       30.292886      -116.32831
       30.292027      -116.32853
       30.291168      -116.32876
       30.290311      -116.32898
       30.289452      -116.32921
       30.288593      -116.32943
       30.287734      -116.32966
       30.286875      -116.32989
       30.286016      -116.33011
       30.285157      -116.33034
       30.284299      -116.33056
       30.283440      -116.33079
       30.282581      -116.33102
       30.281722      -116.33124
       30.280863      -116.33147
       30.280005      -116.33169
       30.279146      -116.33192
       30.278288      -116.33215
       30.277430      -116.33237
       30.276571      -116.33260
       30.275712      -116.33282
       30.274853      -116.33305
       30.273994      -116.33327
       30.273136      -116.33350
       30.272276      -116.33372
       30.271417      -116.33395
       30.270558      -116.33417
       30.269700      -116.33440
       30.268842      -116.33463
       30.267982      -116.33485
       30.267123      -116.33508
       30.266264      -116.33530
       30.265406      -116.33553
       30.264547      -116.33575
       30.263688      -116.33598
       30.262829      -116.33621
       30.261971      -116.33643
       30.261113      -116.33666
       30.260253      -116.33688
       30.259394      -116.33711
       30.258536      -116.33734
       30.257677      -116.33756
       30.256818      -116.33779
       30.255959      -116.33801
       30.255099      -116.33824
       30.254241      -116.33846
       30.253382      -116.33869
       30.252524      -116.33892
       30.251664      -116.33914
       30.250805      -116.33937
       30.249947      -116.33959
       30.249088      -116.33982
       30.248228      -116.34005
       30.247369      -116.34027
       30.246510      -116.34050
       30.245652      -116.34072
       30.244794      -116.34095
       30.243935      -116.34118
       30.243076      -116.34140
       30.242216      -116.34163
       30.241357      -116.34185
       30.240498      -116.34208
       30.239640      -116.34230
       30.238781      -116.34253
       30.237922      -116.34275
       30.237063      -116.34298
       30.236204      -116.34320
       30.235346      -116.34343
       30.234487      -116.34366
       30.233628      -116.34388
       30.232769      -116.34411
       30.231910      -116.34433
       30.231051      -116.34456
       30.230193      -116.34478
       30.229335      -116.34501
       30.228476      -116.34524
       30.227616      -116.34546
       30.226757      -116.34569
       30.225898      -116.34591
       30.225040      -116.34614
       30.224181      -116.34636
       30.223322      -116.34659
       30.222462      -116.34682
       30.221604      -116.34704
       30.220745      -116.34727
       30.219887      -116.34749
       30.219028      -116.34772
       30.218169      -116.34794
       30.217309      -116.34817
       30.216449      -116.34839
       30.215591      -116.34862
       30.214733      -116.34885
       30.213874      -116.34907
       30.213015      -116.34930
       30.212157      -116.34952
       30.211298      -116.34975
       30.210439      -116.34997
       30.209579      -116.35020
       30.208720      -116.35042
       30.207862      -116.35065
       30.207003      -116.35087
       30.206143      -116.35110
       30.205285      -116.35133
       30.204426      -116.35155
       30.203568      -116.35178
       30.202709      -116.35200
       30.201850      -116.35223
       30.200992      -116.35245
       30.200133      -116.35268
       30.199274      -116.35291
       30.198415      -116.35313
       30.197556      -116.35336
       30.196698      -116.35358
       30.195840      -116.35381
       30.194982      -116.35403
       30.194123      -116.35426
       30.193264      -116.35449
       30.192405      -116.35471
       30.191546      -116.35494
       30.190686      -116.35516
       30.189827      -116.35539
       30.188969      -116.35561
       30.188110      -116.35584
       30.187252      -116.35606
       30.186393      -116.35629
       30.185534      -116.35652
       30.184675      -116.35674
       30.183816      -116.35697
       30.182957      -116.35719
       30.182098      -116.35742
       30.181240      -116.35764
       30.180381      -116.35787
       30.179522      -116.35809
       30.178663      -116.35832
       30.177804      -116.35855
       30.176945      -116.35877
       30.176086      -116.35900
       30.175228      -116.35922
       30.174369      -116.35945
       30.173510      -116.35967
       30.172651      -116.35990
       30.171792      -116.36013
       30.170933      -116.36035
       30.170074      -116.36058
       30.169215      -116.36080
       30.168356      -116.36103
       30.167498      -116.36125
       30.166639      -116.36148
       30.165780      -116.36170
       30.164921      -116.36193
       30.164062      -116.36215
       30.163204      -116.36238
       30.162345      -116.36261
       30.161487      -116.36283
       30.160627      -116.36306
       30.159768      -116.36328
       30.158910      -116.36351
       30.158051      -116.36373
       30.157192      -116.36396
       30.156333      -116.36418
       30.155474      -116.36441
       30.154615      -116.36463
       30.153757      -116.36486
       30.152898      -116.36508
       30.152039      -116.36531
       30.151181      -116.36553
       30.150322      -116.36576
       30.149462      -116.36599
       30.148604      -116.36621
       30.147745      -116.36644
       30.146886      -116.36666
       30.146027      -116.36689
       30.145168      -116.36711
       30.144309      -116.36734
       30.143450      -116.36756
       30.142592      -116.36779
       30.141733      -116.36801
       30.140874      -116.36824
       30.140015      -116.36846
       30.139156      -116.36869
       30.138297      -116.36891
       30.137439      -116.36914
       30.136580      -116.36936
       30.135721      -116.36959
       30.134862      -116.36982
       30.134003      -116.37004
       30.133144      -116.37027
       30.132285      -116.37049
       30.131426      -116.37072
       30.130568      -116.37094
       30.129709      -116.37117
       30.128850      -116.37139
       30.127990      -116.37162
       30.127131      -116.37184
       30.126272      -116.37207
       30.125413      -116.37229
       30.124555      -116.37252
       30.123696      -116.37274
       30.122836      -116.37297
       30.121976      -116.37319
       30.121117      -116.37342
       30.120258      -116.37365
       30.119400      -116.37387
       30.118542      -116.37410
       30.117683      -116.37432
       30.116824      -116.37455
       30.115964      -116.37477
       30.115106      -116.37500
       30.114246      -116.37522
       30.113386      -116.37545
       30.112528      -116.37567
       30.111669      -116.37590
       30.110810      -116.37612
       30.109951      -116.37635
       30.109093      -116.37657
       30.108235      -116.37680
       30.107376      -116.37702
       30.106516      -116.37725
       30.105657      -116.37747
       30.104799      -116.37770
       30.103940      -116.37792
       30.103080      -116.37815
       30.102221      -116.37838
       30.101363      -116.37860
       30.100504      -116.37882
       30.099645      -116.37905
       30.098787      -116.37927
       30.097927      -116.37950
       30.097068      -116.37973
       30.096209      -116.37995
       30.095351      -116.38018
       30.094491      -116.38040
       30.093632      -116.38063
       30.092774      -116.38085
       30.091915      -116.38108
       30.091056      -116.38130
       30.090196      -116.38153
       30.089338      -116.38175
       30.088479      -116.38198
       30.087621      -116.38220
       30.086762      -116.38243
       30.085903      -116.38265
       30.085043      -116.38288
       30.084184      -116.38310
       30.083326      -116.38333
       30.082467      -116.38355
       30.081608      -116.38378
       30.080748      -116.38400
       30.079889      -116.38423
       30.079030      -116.38445
       30.078171      -116.38468
       30.077313      -116.38490
       30.076454      -116.38513
       30.075595      -116.38535
       30.074736      -116.38558
       30.073876      -116.38581
       30.073017      -116.38603
       30.072159      -116.38626
       30.071300      -116.38648
       30.070441      -116.38671
       30.069582      -116.38693
       30.068723      -116.38716
       30.067864      -116.38738
       30.067005      -116.38761
       30.066146      -116.38783
       30.065287      -116.38806
       30.064428      -116.38828
       30.063570      -116.38851
       30.062711      -116.38873
       30.061852      -116.38896
       30.060993      -116.38918
       30.060134      -116.38941
       30.059275      -116.38963
       30.058416      -116.38986
       30.057557      -116.39008
       30.056698      -116.39031
       30.055840      -116.39053
       30.054981      -116.39076
       30.054121      -116.39098
       30.053263      -116.39121
       30.052404      -116.39143
       30.051546      -116.39166
       30.050687      -116.39188
       30.049828      -116.39211
       30.048969      -116.39234
       30.048110      -116.39256
       30.047252      -116.39279
       30.046393      -116.39301
       30.045534      -116.39324
       30.044675      -116.39346
       30.043817      -116.39369
       30.042958      -116.39391
       30.042099      -116.39414
       30.041240      -116.39436
       30.040382      -116.39459
       30.039522      -116.39481
       30.038663      -116.39504
       30.037804      -116.39526
       30.036946      -116.39549
       30.036087      -116.39571
       30.035229      -116.39594
       30.034370      -116.39616
       30.033511      -116.39639
       30.032652      -116.39661
       30.031793      -116.39684
       30.030934      -116.39706
       30.030075      -116.39729
       30.029215      -116.39751
       30.028357      -116.39774
       30.027498      -116.39796
       30.026639      -116.39819
       30.025780      -116.39841
       30.024920      -116.39864
       30.024061      -116.39886
       30.023201      -116.39909
       30.022343      -116.39931
       30.021484      -116.39954
       30.020625      -116.39976
       30.019766      -116.39999
       30.018907      -116.40021
       30.018047      -116.40044
       30.017188      -116.40066
       30.016329      -116.40089
       30.015470      -116.40111
       30.014611      -116.40134
       30.013752      -116.40156
       30.012893      -116.40179
       30.012034      -116.40201
       30.011175      -116.40224
       30.010316      -116.40246
       30.009457      -116.40269
       30.008599      -116.40291
       30.007740      -116.40314
       30.006880      -116.40336
       30.006022      -116.40359
       30.005163      -116.40381
       30.004305      -116.40404
       30.003445      -116.40426
       30.002586      -116.40449
       30.001727      -116.40471
       30.000868      -116.40494
       30.000008      -116.40516
       29.999149      -116.40539
       29.998291      -116.40561
       29.997432      -116.40584
       29.996574      -116.40606
       29.995715      -116.40629
       29.994856      -116.40651
       29.993997      -116.40674
       29.993138      -116.40696
       29.992279      -116.40718
       29.991420      -116.40741
       29.990560      -116.40763
       29.989702      -116.40786
       29.988843      -116.40808
       29.987984      -116.40831
       29.987125      -116.40853
       29.986266      -116.40876
       29.985407      -116.40898
       29.984549      -116.40921
       29.983690      -116.40943
       29.982830      -116.40966
       29.981971      -116.40988
       29.981111      -116.41011
       29.980253      -116.41033
       29.979394      -116.41056
       29.978535      -116.41078
       29.977677      -116.41100
       29.976818      -116.41123
       29.975959      -116.41145
       29.975100      -116.41168
       29.974240      -116.41190
       29.973380      -116.41213
       29.972522      -116.41235
       29.971663      -116.41258
       29.970804      -116.41280
       29.969945      -116.41303
       29.969086      -116.41325
       29.968227      -116.41348
       29.967368      -116.41370
       29.966508      -116.41393
       29.965649      -116.41415
       29.964790      -116.41438
       29.963931      -116.41460
       29.963072      -116.41482
       29.962213      -116.41505
       29.961354      -116.41527
       29.960495      -116.41550
       29.959636      -116.41572
       29.958778      -116.41595
       29.957919      -116.41617
       29.957060      -116.41640
       29.956201      -116.41662
       29.955342      -116.41685
       29.954483      -116.41707
       29.953624      -116.41730
       29.952764      -116.41752
       29.951905      -116.41775
       29.951047      -116.41797
       29.950188      -116.41820
       29.949328      -116.41842
       29.948469      -116.41865
       29.947611      -116.41887
       29.946752      -116.41910
       29.945893      -116.41932
       29.945033      -116.41955
       29.944174      -116.41977
       29.943316      -116.42000
       29.942457      -116.42022
       29.941597      -116.42045
       29.940738      -116.42067
       29.939879      -116.42089
       29.939021      -116.42112
       29.938162      -116.42134
       29.937302      -116.42157
       29.936444      -116.42179
       29.935585      -116.42202
       29.934726      -116.42224
       29.933867      -116.42247
       29.933007      -116.42269
       29.932148      -116.42292
       29.931289      -116.42314
       29.930430      -116.42337
       29.929571      -116.42359
       29.928712      -116.42382
       29.927853      -116.42404
       29.926994      -116.42427
       29.926136      -116.42449
       29.925276      -116.42472
       29.924416      -116.42494
       29.923558      -116.42516
       29.922700      -116.42539
       29.921840      -116.42561
       29.920981      -116.42584
       29.920122      -116.42606
       29.919264      -116.42629
       29.918404      -116.42651
       29.917545      -116.42674
       29.916685      -116.42696
       29.915826      -116.42719
       29.914967      -116.42741
       29.914108      -116.42764
       29.913249      -116.42786
       29.912390      -116.42809
       29.911531      -116.42831
       29.910673      -116.42853
       29.909814      -116.42876
       29.908955      -116.42899
       29.908096      -116.42921
       29.907236      -116.42943
       29.906377      -116.42966
       29.905518      -116.42988
       29.904659      -116.43011
       29.903800      -116.43033
       29.902941      -116.43056
       29.902082      -116.43078
       29.901224      -116.43101
       29.900365      -116.43123
       29.899505      -116.43145
       29.898647      -116.43168
       29.897788      -116.43190
       29.896930      -116.43213
       29.896070      -116.43235
       29.895210      -116.43258
       29.894352      -116.43280
       29.893493      -116.43303
       29.892634      -116.43325
       29.891775      -116.43348
       29.890917      -116.43370
       29.890057      -116.43392
       29.889198      -116.43415
       29.888339      -116.43437
       29.887480      -116.43460
       29.886622      -116.43482
       29.885763      -116.43505
       29.884903      -116.43527
       29.884044      -116.43549
       29.883186      -116.43572
       29.882327      -116.43594
       29.881467      -116.43617
       29.880608      -116.43639
       29.879750      -116.43662
       29.878892      -116.43684
       29.878032      -116.43707
       29.877173      -116.43729
       29.876314      -116.43751
       29.875456      -116.43774
       29.874596      -116.43796
       29.873737      -116.43819
       29.872877      -116.43841
       29.872019      -116.43864
       29.871160      -116.43886
       29.870300      -116.43908
       29.869442      -116.43931
       29.868583      -116.43953
       29.867723      -116.43976
       29.866865      -116.43998
       29.866005      -116.44021
       29.865146      -116.44043
       29.864287      -116.44065
       29.863429      -116.44088
       29.862570      -116.44110
       29.861710      -116.44133
       29.860851      -116.44155
       29.859991      -116.44178
       29.859132      -116.44200
       29.858273      -116.44223
       29.857414      -116.44245
       29.856555      -116.44267
       29.855696      -116.44290
       29.854837      -116.44312
       29.853978      -116.44335
       29.853118      -116.44357
       29.852259      -116.44379
       29.851400      -116.44402
       29.850541      -116.44424
       29.849682      -116.44447
       29.848823      -116.44469
       29.847964      -116.44492
       29.847105      -116.44514
       29.846246      -116.44536
       29.845387      -116.44559
       29.844528      -116.44581
       29.843669      -116.44604
       29.842810      -116.44626
       29.841951      -116.44649
       29.841092      -116.44671
       29.840233      -116.44693
       29.839374      -116.44716
       29.838515      -116.44738
       29.837656      -116.44761
       29.836797      -116.44783
       29.835938      -116.44806
       29.835079      -116.44828
       29.834221      -116.44850
       29.833361      -116.44873
       29.832502      -116.44895
       29.831643      -116.44918
       29.830784      -116.44940
       29.829925      -116.44962
       29.829066      -116.44985
       29.828207      -116.45007
       29.827348      -116.45030
       29.826489      -116.45052
       29.825631      -116.45075
       29.824772      -116.45097
       29.823913      -116.45119
       29.823053      -116.45142
       29.822194      -116.45164
       29.821336      -116.45187
       29.820477      -116.45209
       29.819619      -116.45231
       29.818759      -116.45254
       29.817900      -116.45276
       29.817041      -116.45299
       29.816181      -116.45321
       29.815322      -116.45344
       29.814463      -116.45366
       29.813605      -116.45388
       29.812747      -116.45411
       29.811888      -116.45433
       29.811029      -116.45455
       29.810170      -116.45478
       29.809310      -116.45500
       29.808451      -116.45523
       29.807592      -116.45545
       29.806733      -116.45568
       29.805874      -116.45590
       29.805015      -116.45612
       29.804156      -116.45635
       29.803297      -116.45657
       29.802438      -116.45680
       29.801579      -116.45702
       29.800719      -116.45724
       29.799861      -116.45747
       29.799002      -116.45769
       29.798143      -116.45792
       29.797284      -116.45814
       29.796425      -116.45836
       29.795565      -116.45859
       29.794707      -116.45881
       29.793848      -116.45903
       29.792989      -116.45926
       29.792130      -116.45948
       29.791272      -116.45971
       29.790412      -116.45993
       29.789552      -116.46016
       29.788693      -116.46038
       29.787835      -116.46061
       29.786976      -116.46083
       29.786117      -116.46105
       29.785258      -116.46128
       29.784399      -116.46150
       29.783540      -116.46172
       29.782682      -116.46195
       29.781823      -116.46217
       29.780964      -116.46240
       29.780105      -116.46262
       29.779246      -116.46285
       29.778387      -116.46307
       29.777528      -116.46329
       29.776669      -116.46352
       29.775810      -116.46374
       29.774952      -116.46397
       29.774093      -116.46419
       29.773234      -116.46441
       29.772375      -116.46464
       29.771516      -116.46486
       29.770656      -116.46509
       29.769798      -116.46531
       29.768939      -116.46553
       29.768081      -116.46576
       29.767223      -116.46598
       29.766363      -116.46621
       29.765504      -116.46643
       29.764645      -116.46666
       29.763786      -116.46688
       29.762928      -116.46710
       29.762069      -116.46733
       29.761211      -116.46755
       29.760351      -116.46778
       29.759492      -116.46800
       29.758633      -116.46822
       29.757774      -116.46845
       29.756915      -116.46867
       29.756057      -116.46890
       29.755197      -116.46912
       29.754339      -116.46934
       29.753480      -116.46957
       29.752621      -116.46979
       29.751762      -116.47002
       29.750903      -116.47024
       29.750044      -116.47046
       29.749185      -116.47069
       29.748326      -116.47091
       29.747467      -116.47114
       29.746607      -116.47136
       29.745748      -116.47158
       29.744889      -116.47181
       29.744030      -116.47203
       29.743171      -116.47226
       29.742312      -116.47248
       29.741453      -116.47271
       29.740594      -116.47293
       29.739735      -116.47315
       29.738875      -116.47338
       29.738017      -116.47360
       29.737158      -116.47383
       29.736299      -116.47405
       29.735440      -116.47427
       29.734582      -116.47450
       29.733723      -116.47472
       29.732863      -116.47495
       29.732004      -116.47517
       29.731145      -116.47540
       29.730286      -116.47562
       29.729427      -116.47584
       29.728569      -116.47607
       29.727709      -116.47629
       29.726850      -116.47652
       29.725991      -116.47674
       29.725133      -116.47696
       29.724274      -116.47719
       29.723415      -116.47741
       29.722557      -116.47764
       29.721698      -116.47786
       29.720840      -116.47808
       29.719981      -116.47831
       29.719122      -116.47853
       29.718263      -116.47876
       29.717404      -116.47898
       29.716545      -116.47920
       29.715686      -116.47943
       29.714827      -116.47965
       29.713969      -116.47988
       29.713111      -116.48010
       29.712252      -116.48032
       29.711392      -116.48055
       29.710533      -116.48077
       29.709675      -116.48100
       29.708816      -116.48122
       29.707957      -116.48144
       29.707099      -116.48167
       29.706240      -116.48189
       29.705381      -116.48212
       29.704522      -116.48234
       29.703663      -116.48257
       29.702804      -116.48279
       29.701945      -116.48301
       29.701087      -116.48324
       29.700228      -116.48346
       29.699368      -116.48368
       29.698510      -116.48391
       29.697651      -116.48413
       29.696792      -116.48436
       29.695933      -116.48458
       29.695073      -116.48480
       29.694214      -116.48503
       29.693355      -116.48525
       29.692497      -116.48548
       29.691637      -116.48570
       29.690778      -116.48592
       29.689920      -116.48615
       29.689061      -116.48637
       29.688201      -116.48660
       29.687342      -116.48682
       29.686483      -116.48704
       29.685624      -116.48727
       29.684764      -116.48749
       29.683904      -116.48772
       29.683046      -116.48794
       29.682187      -116.48816
       29.681328      -116.48839
       29.680469      -116.48861
       29.679610      -116.48884
       29.678751      -116.48906
       29.677891      -116.48928
       29.677032      -116.48951
       29.676173      -116.48973
       29.675314      -116.48996
       29.674455      -116.49018
       29.673597      -116.49040
       29.672738      -116.49063
       29.671880      -116.49085
       29.671021      -116.49107
       29.670161      -116.49130
       29.669302      -116.49152
       29.668444      -116.49175
       29.667585      -116.49197
       29.666726      -116.49219
       29.665867      -116.49242
       29.665008      -116.49264
       29.664149      -116.49287
       29.663290      -116.49309
       29.662432      -116.49331
       29.661573      -116.49354
       29.660714      -116.49376
       29.659856      -116.49399
       29.658997      -116.49421
       29.658139      -116.49444
       29.657280      -116.49466
       29.656421      -116.49488
       29.655562      -116.49511
       29.654703      -116.49533
       29.653844      -116.49555
       29.652985      -116.49578
       29.652126      -116.49600
       29.651267      -116.49623
       29.650408      -116.49645
       29.649550      -116.49668
       29.648690      -116.49690
       29.647831      -116.49712
       29.646972      -116.49735
       29.646114      -116.49757
       29.645255      -116.49780
       29.644396      -116.49802
       29.643537      -116.49824
       29.642678      -116.49847
       29.641819      -116.49869
       29.640960      -116.49892
       29.640101      -116.49914
       29.639242      -116.49936
       29.638384      -116.49959
       29.637525      -116.49981
       29.636666      -116.50003
       29.635806      -116.50026
       29.634947      -116.50048
       29.634088      -116.50071
       29.633229      -116.50093
       29.632369      -116.50115
       29.631510      -116.50138
       29.630651      -116.50160
       29.629792      -116.50183
       29.628934      -116.50205
       29.628075      -116.50227
       29.627216      -116.50250
       29.626356      -116.50272
       29.625497      -116.50294
       29.624637      -116.50317
       29.623778      -116.50339
       29.622919      -116.50362
       29.622060      -116.50384
       29.621201      -116.50406
       29.620342      -116.50429
       29.619484      -116.50451
       29.618625      -116.50474
       29.617766      -116.50496
       29.616907      -116.50518
       29.616047      -116.50541
       29.615189      -116.50563
       29.614330      -116.50585
       29.613471      -116.50608
       29.612612      -116.50630
       29.611753      -116.50652
       29.610895      -116.50675
       29.610036      -116.50697
       29.609178      -116.50720
       29.608319      -116.50742
       29.607459      -116.50764
       29.606600      -116.50787
       29.605742      -116.50809
       29.604882      -116.50831
       29.604023      -116.50854
       29.603165      -116.50876
       29.602306      -116.50898
       29.601447      -116.50921
       29.600587      -116.50943
       29.599728      -116.50965
       29.598870      -116.50988
       29.598012      -116.51010
       29.597153      -116.51033
       29.596293      -116.51055
       29.595435      -116.51077
       29.594576      -116.51100
       29.593718      -116.51122
       29.592859      -116.51144
       29.592000      -116.51167
       29.591140      -116.51189
       29.590282      -116.51211
       29.589422      -116.51234
       29.588563      -116.51256
       29.587704      -116.51278
       29.586845      -116.51301
       29.585986      -116.51323
       29.585128      -116.51345
       29.584269      -116.51368
       29.583410      -116.51390
       29.582550      -116.51412
       29.581691      -116.51435
       29.580832      -116.51457
       29.579973      -116.51479
       29.579114      -116.51502
       29.578255      -116.51524
       29.577395      -116.51546
       29.576536      -116.51569
       29.575677      -116.51591
       29.574818      -116.51613
       29.573959      -116.51636
       29.573099      -116.51658
       29.572240      -116.51680
       29.571381      -116.51703
       29.570522      -116.51725
       29.569664      -116.51748
       29.568804      -116.51770
       29.567945      -116.51792
       29.567086      -116.51814
       29.566227      -116.51837
       29.565368      -116.51859
       29.564508      -116.51882
       29.563649      -116.51904
       29.562789      -116.51926
       29.561930      -116.51949
       29.561071      -116.51971
       29.560213      -116.51993
       29.559354      -116.52016
       29.558494      -116.52038
       29.557635      -116.52060
       29.556776      -116.52082
       29.555917      -116.52105
       29.555058      -116.52127
       29.554199      -116.52149
       29.553340      -116.52172
       29.552481      -116.52194
       29.551622      -116.52216
       29.550763      -116.52239
       29.549904      -116.52261
       29.549045      -116.52283
       29.548186      -116.52306
       29.547327      -116.52328
       29.546467      -116.52350
       29.545608      -116.52373
       29.544750      -116.52395
       29.543891      -116.52418
       29.543032      -116.52440
       29.542173      -116.52462
       29.541314      -116.52485
       29.540455      -116.52507
       29.539596      -116.52529
       29.538737      -116.52552
       29.537878      -116.52574
       29.537019      -116.52596
       29.536160      -116.52619
       29.535301      -116.52641
       29.534442      -116.52663
       29.533584      -116.52686
       29.532725      -116.52708
       29.531866      -116.52730
       29.531007      -116.52753
       29.530148      -116.52775
       29.529290      -116.52797
       29.528431      -116.52820
       29.527571      -116.52842
       29.526711      -116.52864
       29.525852      -116.52887
       29.524993      -116.52909
       29.524135      -116.52931
       29.523276      -116.52954
       29.522417      -116.52976
       29.521557      -116.52998
       29.520698      -116.53021
       29.519839      -116.53043
       29.518980      -116.53066
       29.518121      -116.53088
       29.517261      -116.53110
       29.516402      -116.53132
       29.515544      -116.53155
       29.514685      -116.53177
       29.513825      -116.53199
       29.512965      -116.53222
       29.512107      -116.53244
       29.511247      -116.53266
       29.510388      -116.53289
       29.509530      -116.53311
       29.508670      -116.53333
       29.507811      -116.53356
       29.506952      -116.53378
       29.506092      -116.53400
       29.505233      -116.53423
       29.504373      -116.53445
       29.503515      -116.53467
       29.502656      -116.53490
       29.501797      -116.53512
       29.500938      -116.53534
       29.500079      -116.53557
       29.499220      -116.53579
       29.498361      -116.53601
       29.497501      -116.53624
       29.496642      -116.53646
       29.495783      -116.53668
       29.494923      -116.53691
       29.494064      -116.53713
       29.493205      -116.53735
       29.492345      -116.53757
       29.491486      -116.53780
       29.490626      -116.53802
       29.489768      -116.53825
       29.488910      -116.53847
       29.488051      -116.53869
       29.487191      -116.53892
       29.486332      -116.53914
       29.485473      -116.53936
       29.484614      -116.53958
       29.483755      -116.53981
       29.482896      -116.54003
       29.482037      -116.54025
       29.481178      -116.54048
       29.480320      -116.54070
       29.479461      -116.54092
       29.478602      -116.54115
       29.477742      -116.54137
       29.476883      -116.54159
       29.476025      -116.54182
       29.475166      -116.54204
       29.474307      -116.54226
       29.473448      -116.54249
       29.472589      -116.54271
       29.471730      -116.54293
       29.470871      -116.54316
       29.470013      -116.54338
       29.469154      -116.54360
       29.468295      -116.54383
       29.467435      -116.54405
       29.466577      -116.54427
       29.465718      -116.54449
       29.464860      -116.54472
       29.464000      -116.54494
       29.463141      -116.54517
       29.462281      -116.54539
       29.461422      -116.54561
       29.460563      -116.54583
       29.459704      -116.54606
       29.458846      -116.54628
       29.457986      -116.54650
       29.457127      -116.54673
       29.456268      -116.54695
       29.455409      -116.54718
       29.454550      -116.54740
       29.453691      -116.54762
       29.452832      -116.54784
       29.451972      -116.54807
       29.451113      -116.54829
       29.450254      -116.54851
       29.449395      -116.54874
       29.448536      -116.54896
       29.447676      -116.54918
       29.446817      -116.54941
       29.445958      -116.54963
       29.445099      -116.54985
       29.444240      -116.55008
       29.443381      -116.55030
       29.442521      -116.55052
       29.441662      -116.55075
       29.440802      -116.55097
       29.439944      -116.55119
       29.439084      -116.55142
       29.438225      -116.55164
       29.437366      -116.55186
       29.436507      -116.55208
       29.435648      -116.55231
       29.434789      -116.55253
       29.433929      -116.55275
       29.433070      -116.55298
       29.432210      -116.55320
       29.431351      -116.55343
       29.430493      -116.55365
       29.429633      -116.55387
       29.428774      -116.55409
       29.427914      -116.55432
       29.427056      -116.55454
       29.426197      -116.55476
       29.425337      -116.55499
       29.424478      -116.55521
       29.423619      -116.55543
       29.422761      -116.55565
       29.421901      -116.55588
       29.421042      -116.55610
       29.420184      -116.55632
       29.419325      -116.55655
       29.418465      -116.55677
       29.417606      -116.55699
       29.416747      -116.55722
       29.415889      -116.55744
       29.415029      -116.55766
       29.414170      -116.55789
       29.413311      -116.55811
       29.412453      -116.55833
       29.411595      -116.55855
       29.410736      -116.55878
       29.409877      -116.55900
       29.409017      -116.55922
       29.408158      -116.55945
       29.407299      -116.55967
       29.406441      -116.55989
       29.405582      -116.56012
       29.404722      -116.56034
       29.403864      -116.56056
       29.403006      -116.56078
       29.402147      -116.56101
       29.401287      -116.56123
       29.400428      -116.56145
       29.399569      -116.56168
       29.398710      -116.56190
       29.397851      -116.56212
       29.396992      -116.56234
       29.396133      -116.56257
       29.395274      -116.56279
       29.394415      -116.56301
       29.393556      -116.56324
       29.392697      -116.56346
       29.391838      -116.56368
       29.390980      -116.56390
       29.390121      -116.56413
       29.389261      -116.56435
       29.388402      -116.56457
       29.387543      -116.56480
       29.386684      -116.56502
       29.385825      -116.56524
       29.384966      -116.56546
       29.384107      -116.56569
       29.383248      -116.56591
       29.382389      -116.56613
       29.381530      -116.56636
       29.380670      -116.56658
       29.379811      -116.56680
       29.378952      -116.56702
       29.378093      -116.56725
       29.377234      -116.56747
       29.376375      -116.56769
       29.375516      -116.56791
       29.374657      -116.56814
       29.373797      -116.56836
       29.372938      -116.56858
       29.372079      -116.56880
       29.371220      -116.56903
       29.370361      -116.56925
       29.369502      -116.56947
       29.368643      -116.56969
       29.367783      -116.56992
       29.366924      -116.57014
       29.366065      -116.57036
       29.365205      -116.57058
       29.364345      -116.57081
       29.363486      -116.57103
       29.362627      -116.57125
       29.361768      -116.57148
       29.360909      -116.57170
       29.360049      -116.57192
       29.359189      -116.57214
       29.358331      -116.57237
       29.357472      -116.57259
       29.356613      -116.57281
       29.355753      -116.57304
       29.354894      -116.57326
       29.354034      -116.57348
       29.353175      -116.57370
       29.352316      -116.57393
       29.351456      -116.57415
       29.350597      -116.57437
       29.349739      -116.57459
       29.348879      -116.57482
       29.348020      -116.57504
       29.347161      -116.57526
       29.346301      -116.57548
       29.345442      -116.57571
       29.344582      -116.57593
       29.343724      -116.57615
       29.342865      -116.57638
       29.342006      -116.57660
       29.341147      -116.57682
       29.340287      -116.57704
       29.339428      -116.57727
       29.338569      -116.57749
       29.337710      -116.57771
       29.336850      -116.57793
       29.335991      -116.57816
       29.335132      -116.57838
       29.334273      -116.57860
       29.333414      -116.57883
       29.332554      -116.57905
       29.331695      -116.57927
       29.330836      -116.57949
       29.329977      -116.57971
       29.329118      -116.57994
       29.328258      -116.58016
       29.327399      -116.58038
       29.326540      -116.58061
       29.325681      -116.58083
       29.324821      -116.58105
       29.323962      -116.58127
       29.323103      -116.58150
       29.322244      -116.58172
       29.321385      -116.58194
       29.320527      -116.58216
       29.319666      -116.58239
       29.318806      -116.58261
       29.317947      -116.58283
       29.317087      -116.58306
       29.316228      -116.58328
       29.315369      -116.58350
       29.314509      -116.58372
       29.313651      -116.58395
       29.312791      -116.58417
       29.311932      -116.58439
       29.311073      -116.58461
       29.310213      -116.58484
       29.309354      -116.58506
       29.308496      -116.58528
       29.307636      -116.58550
       29.306776      -116.58573
       29.305916      -116.58595
       29.305057      -116.58617
       29.304198      -116.58640
       29.303338      -116.58662
       29.302478      -116.58684
       29.301619      -116.58706
       29.300760      -116.58729
       29.299901      -116.58751
       29.299042      -116.58773
       29.298182      -116.58795
       29.297323      -116.58818
       29.296464      -116.58840
       29.295605      -116.58862
       29.294745      -116.58884
       29.293886      -116.58907
       29.293027      -116.58929
       29.292169      -116.58951
       29.291310      -116.58973
       29.290450      -116.58996
       29.289590      -116.59018
       29.288731      -116.59040
       29.287872      -116.59063
       29.287012      -116.59085
       29.286153      -116.59107
       29.285294      -116.59129
       29.284435      -116.59151
       29.283575      -116.59174
       29.282716      -116.59196
       29.281857      -116.59218
       29.280998      -116.59241
       29.280139      -116.59263
       29.279280      -116.59285
       29.278420      -116.59307
       29.277562      -116.59330
       29.276702      -116.59352
       29.275843      -116.59374
       29.274984      -116.59396
       29.274124      -116.59419
       29.273265      -116.59441
       29.272406      -116.59463
       29.271547      -116.59485
       29.270688      -116.59508
       29.269829      -116.59530
       29.268970      -116.59552
       29.268110      -116.59574
       29.267251      -116.59597
       29.266391      -116.59619
       29.265532      -116.59641
       29.264673      -116.59663
       29.263814      -116.59686
       29.262955      -116.59708
       29.262095      -116.59730
       29.261236      -116.59752
       29.260376      -116.59775
       29.259517      -116.59797
       29.258657      -116.59819
       29.257797      -116.59841
       29.256938      -116.59864
       29.256079      -116.59886
       29.255219      -116.59908
       29.254360      -116.59930
       29.253501      -116.59953
       29.252641      -116.59975
       29.251782      -116.59997
       29.250923      -116.60019
       29.250063      -116.60042
       29.249204      -116.60064
       29.248345      -116.60086
       29.247486      -116.60108
       29.246626      -116.60130
       29.245767      -116.60153
       29.244908      -116.60175
       29.244048      -116.60197
       29.243189      -116.60220
       29.242330      -116.60242
       29.241472      -116.60264
       29.240612      -116.60286
       29.239753      -116.60309
       29.238894      -116.60331
       29.238034      -116.60353
       29.237175      -116.60375
       29.236316      -116.60398
       29.235457      -116.60420
       29.234598      -116.60442
       29.233739      -116.60464
       29.232880      -116.60486
       29.232020      -116.60509
       29.231161      -116.60531
       29.230302      -116.60553
       29.229443      -116.60575
       29.228584      -116.60598
       29.227725      -116.60620
       29.226867      -116.60642
       29.226008      -116.60664
       29.225148      -116.60687
       29.224288      -116.60709
       29.223429      -116.60731
       29.222570      -116.60753
       29.221710      -116.60775
       29.220851      -116.60798
       29.219992      -116.60820
       29.219133      -116.60842
       29.218273      -116.60864
       29.217415      -116.60887
       29.216555      -116.60909
       29.215696      -116.60931
       29.214836      -116.60953
       29.213977      -116.60976
       29.213118      -116.60998
       29.212259      -116.61020
       29.211400      -116.61042
       29.210541      -116.61064
       29.209681      -116.61087
       29.208822      -116.61109
       29.207962      -116.61131
       29.207103      -116.61153
       29.206244      -116.61176
       29.205384      -116.61198
       29.204525      -116.61220
       29.203665      -116.61242
       29.202806      -116.61264
       29.201948      -116.61287
       29.201088      -116.61309
       29.200229      -116.61331
       29.199369      -116.61353
       29.198510      -116.61376
       29.197651      -116.61398
       29.196791      -116.61420
       29.195932      -116.61442
       29.195073      -116.61464
       29.194214      -116.61487
       29.193354      -116.61509
       29.192495      -116.61531
       29.191636      -116.61553
       29.190777      -116.61575
       29.189918      -116.61598
       29.189059      -116.61620
